POTENCIA 10^2
Pivote 1
15240
12000
10340
10120
10170
10030
10110
10150
10080
10110
Pivote 2
13850
18330
9600
9400
9380
9340
9350
9410
9420
9380
Pivote 3
14830
11250
10180
10000
10000
10050
9980
10050
10000
9990
POTENCIA 10^3
Pivote 1
185080
171510
195020
173090
160980
156140
154110
151610
191800
200500
Pivote 2
202810
199120
183950
198500
162630
199600
155470
180270
158220
246240
Pivote 3
189140
222220
215030
267520
191120
240330
238910
265390
246860
243980
POTENCIA 10^4
Pivote 1
3370880
3391670
2593530
2818370
2305540
2359580
2279860
2284580
2287730
2256790
Pivote 2
2282600
2448990
2263220
2283450
2325890
2266950
2273780
2256600
2266200
2260180
Pivote 3
2277980
2316870
2486379
2614480
2524510
2301680
2335120
2290211
2305419
2438820
POTENCIA 10^5
Pivote 1
28789029
27547110
27816730
27523659
27576319
27715190
27587250
27538950
27617720
27652389
Pivote 2
27620310
27630800
27773520
27948899
27713080
27632890
28125280
28058239
27658150
27671940
Pivote 3
27645590
27769090
27630639
27612569
27561190
27893350
27713869
27621421
27591290
27736620
POTENCIA 10^6
Pivote 1
331037268
328586947
343661458
323224917
330593097
330953087
359139967
328812037
322435938
329327537
Pivote 2
326725917
330763427
360781417
321550318
321650177
322127778
339076327
320589848
327846717
351403687
Pivote 3
354879958
340402478
353064527
324680097
325070537
333604507
333765938
330949437
353118717
337865788
POTENCIA 10^7
Pivote 1
3874706690
4062346928
4051115788
4098488038
4202258517
4180792717
4089393888
4163426528
4061500008
4098297978
Pivote 2
4180006668
7086547464
17790138400
16695690559
17194178895
16209494392
16983900389
16311087842
16577613029
16298652423
Pivote 3
16595493179
19403264008
16896376756
17909448479
17190584755
17590261042
17899401270
17591303832
16309522102
17086774305
POTENCIA 10^8
Pivote 1
189892092400
